2.206788610e-07
2.187564936e-07
2.082645870e-07
1.961722182e-07
1.896493952e-07
1.929016538e-07
2.065976295e-07
2.277295526e-07
2.496956841e-07
2.646978795e-07
2.685292195e-07
2.633279474e-07
2.551747270e-07
2.495366875e-07
2.486664525e-07
2.515297689e-07
2.551379786e-07
2.565057001e-07
2.543285957e-07
2.492551907e-07
2.426904713e-07
1.950052081e-07
1.889987636e-07
1.741643285e-07
1.584580602e-07
1.491291817e-07
1.498827014e-07
1.611580540e-07
1.802937785e-07
2.012075563e-07
2.162437916e-07
2.209939019e-07
2.174578309e-07
2.117129548e-07
2.092319551e-07
2.122827675e-07
2.197930441e-07
2.284725982e-07
2.347335428e-07
2.366915611e-07
2.347754381e-07
2.304960601e-07
1.566886383e-07
1.465655565e-07
1.288813336e-07
1.114456415e-07
1.002396840e-07
9.754988180e-08
1.031572608e-07
1.149865783e-07
1.288405810e-07
1.394425095e-07
1.437323119e-07
1.431766311e-07
1.421779826e-07
1.448010864e-07
1.529135604e-07
1.658286269e-07
1.806796605e-07
1.937034183e-07
2.022556007e-07
2.059743570e-07
2.059755930e-07
1.699055568e-07
1.591023630e-07
1.376130409e-07
1.156832012e-07
1.008138265e-07
9.542380611e-08
9.888405901e-08
1.087853824e-07
1.208530647e-07
1.299876507e-07
1.334708193e-07
1.330723497e-07
1.333194987e-07
1.383413384e-07
1.501615499e-07
1.681749807e-07
1.890604356e-07
2.078342351e-07
2.203765669e-07
2.254334534e-07
2.240641391e-07
2.541402028e-07
2.479997199e-07
2.185301664e-07
1.837070675e-07
1.581592541e-07
1.470026406e-07
1.492616773e-07
1.607483027e-07
1.746077778e-07
1.833918558e-07
1.838961451e-07
1.795748785e-07
1.772689727e-07
1.826596697e-07
1.982737661e-07
2.229400474e-07
2.514887086e-07
2.760941624e-07
2.901486482e-07
2.916001488e-07
2.823107381e-07
3.742540301e-07
3.805361501e-07
3.427032643e-07
2.894677576e-07
2.471759504e-07
2.258705098e-07
2.241923273e-07
2.350623264e-07
2.477655585e-07
2.519351087e-07
2.444429134e-07
2.314320617e-07
2.225273101e-07
2.247315149e-07
2.405702548e-07
2.679769724e-07
3.000821885e-07
3.268863946e-07
3.401297189e-07
3.374764526e-07
3.216242908e-07
4.239570009e-07
4.365672572e-07
3.952223776e-07
3.333226522e-07
2.826618510e-07
2.555013469e-07
2.501418093e-07
2.581301305e-07
2.673270385e-07
2.667636587e-07
2.539248744e-07
2.360371705e-07
2.232585681e-07
2.224174984e-07
2.356105264e-07
2.605008786e-07
2.902997675e-07
3.153984100e-07
3.279659831e-07
3.258333982e-07
3.115373504e-07
3.743603464e-07
3.806641913e-07
3.428253510e-07
2.895133195e-07
2.470424974e-07
2.254053216e-07
2.231349210e-07
2.329996353e-07
2.441921072e-07
2.464542517e-07
2.369239066e-07
2.218764011e-07
2.107287229e-07
2.100302511e-07
2.218762427e-07
2.441507969e-07
2.706990150e-07
2.930204870e-07
3.044233151e-07
3.032735823e-07
2.918992041e-07
2.910434973e-07
2.890690883e-07
2.591377533e-07
2.214224249e-07
1.934571393e-07
1.820470415e-07
1.865491241e-07
2.019586670e-07
2.195065506e-07
2.295095114e-07
2.278507895e-07
2.190601973e-07
2.117835220e-07
2.127512913e-07
2.244222277e-07
2.448939641e-07
2.683623581e-07
2.871927885e-07
2.958930682e-07
2.936988340e-07
2.831057861e-07
2.316975413e-07
2.259945835e-07
2.035852794e-07
1.781118225e-07
1.612487118e-07
1.580670108e-07
1.688722956e-07
1.904023555e-07
2.152128340e-07
2.335285320e-07
2.396326432e-07
2.363671588e-07
2.318957587e-07
2.333730286e-07
2.436422061e-07
2.608588115e-07
2.794508767e-07
2.927472751e-07
2.967250211e-07
2.917384904e-07
2.805718029e-07
2.177813136e-07
2.129522980e-07
1.961817179e-07
1.780016012e-07
1.680558065e-07
1.714602658e-07
1.895088592e-07
2.196805574e-07
2.542050016e-07
2.816274897e-07
2.940493004e-07
2.932191008e-07
2.878409675e-07
2.861939797e-07
2.916862722e-07
3.024189954e-07
3.129643845e-07
3.176768162e-07
3.141135636e-07
3.037970506e-07
2.897956737e-07
2.363125678e-07
2.354677137e-07
2.242094108e-07
2.117576337e-07
2.076190538e-07
2.178256888e-07
2.445166730e-07
2.850138167e-07
3.300151895e-07
3.656511106e-07
3.820155937e-07
3.804069511e-07
3.705724577e-07
3.621671168e-07
3.593345989e-07
3.603646899e-07
3.602703875e-07
3.545498657e-07
3.421130220e-07
3.252412879e-07
3.069917025e-07
2.423539798e-07
2.438619223e-07
2.369507310e-07
2.289776936e-07
2.280941977e-07
2.397955271e-07
2.658316657e-07
3.031935056e-07
3.431917332e-07
3.739947076e-07
3.876677148e-07
3.854690629e-07
3.754270139e-07
3.655698529e-07
3.594935983e-07
3.560473487e-07
3.515551476e-07
3.428694463e-07
3.294855710e-07
3.133235396e-07
2.967239777e-07
