-1.500336946e+01
-1.496876542e+01
-1.497012659e+01
-1.500633514e+01
-1.507303678e+01
-1.516316444e+01
-1.526779831e+01
-1.537726825e+01
-1.548234204e+01
-1.557530470e+01
-1.565074230e+01
-1.570590339e+01
-1.574060647e+01
-1.575676484e+01
-1.575767644e+01
-1.574725585e+01
-1.572936402e+01
-1.570733298e+01
-1.568371145e+01
-1.566019663e+01
-1.563768331e+01
-1.489131527e+01
-1.484660207e+01
-1.484396776e+01
-1.488217166e+01
-1.495621584e+01
-1.505793546e+01
-1.517698449e+01
-1.530211456e+01
-1.542256612e+01
-1.552934173e+01
-1.561613665e+01
-1.567977139e+01
-1.572008524e+01
-1.573937333e+01
-1.574154371e+01
-1.573120651e+01
-1.571288210e+01
-1.569044403e+01
-1.566682696e+01
-1.564395619e+01
-1.562281466e+01
-1.485126997e+01
-1.480103443e+01
-1.479119251e+01
-1.482072965e+01
-1.488509216e+01
-1.497668374e+01
-1.508575020e+01
-1.520157664e+01
-1.531383230e+01
-1.541383292e+01
-1.549548479e+01
-1.555573864e+01
-1.559449954e+01
-1.561407019e+01
-1.561830693e+01
-1.561170806e+01
-1.559862840e+01
-1.558273913e+01
-1.556676109e+01
-1.555242241e+01
-1.554054931e+01
-1.492656197e+01
-1.488084534e+01
-1.486685416e+01
-1.488410900e+01
-1.492946268e+01
-1.499735220e+01
-1.508037039e+01
-1.517014282e+01
-1.525839819e+01
-1.533803724e+01
-1.540397766e+01
-1.545359783e+01
-1.548670771e+01
-1.550510137e+01
-1.551184674e+01
-1.551051199e+01
-1.550450616e+01
-1.549664217e+01
-1.548894419e+01
-1.548264989e+01
-1.547831985e+01
-1.506988525e+01
-1.503436274e+01
-1.501729020e+01
-1.501897983e+01
-1.503840675e+01
-1.507310202e+01
-1.511925212e+01
-1.517207809e+01
-1.522646467e+01
-1.527770656e+01
-1.532218161e+01
-1.535777589e+01
-1.538396555e+01
-1.540157017e+01
-1.541228678e+01
-1.541815982e+01
-1.542113022e+01
-1.542275079e+01
-1.542408432e+01
-1.542574196e+01
-1.542799002e+01
-1.524691676e+01
-1.522437677e+01
-1.520467777e+01
-1.518904517e+01
-1.517892443e+01
-1.517545650e+01
-1.517902364e+01
-1.518903979e+01
-1.520405496e+01
-1.522211766e+01
-1.524124867e+01
-1.525985658e+01
-1.527697141e+01
-1.529225862e+01
-1.530586001e+01
-1.531815703e+01
-1.532955427e+01
-1.534034627e+01
-1.535068261e+01
-1.536060660e+01
-1.537012394e+01
-1.540580521e+01
-1.539435176e+01
-1.537058616e+01
-1.533664043e+01
-1.529638809e+01
-1.525450628e+01
-1.521547275e+01
-1.518277270e+01
-1.515848484e+01
-1.514327074e+01
-1.513666632e+01
-1.513751104e+01
-1.514435942e+01
-1.515577835e+01
-1.517050633e+01
-1.518750407e+01
-1.520594660e+01
-1.522519813e+01
-1.524479079e+01
-1.526441057e+01
-1.528388631e+01
-1.544440654e+01
-1.543219596e+01
-1.539705287e+01
-1.534198065e+01
-1.527291900e+01
-1.519745498e+01
-1.512335689e+01
-1.505729238e+01
-1.500398751e+01
-1.496592107e+01
-1.494349328e+01
-1.493550755e+01
-1.493977741e+01
-1.495370425e+01
-1.497473257e+01
-1.500064911e+01
-1.502973195e+01
-1.506077562e+01
-1.509302615e+01
-1.512606502e+01
-1.515968364e+01
-1.538827609e+01
-1.536787254e+01
-1.532138579e+01
-1.525258526e+01
-1.516880174e+01
-1.507939425e+01
-1.499396891e+01
-1.492077194e+01
-1.486557608e+01
-1.483120717e+01
-1.481767938e+01
-1.482277842e+01
-1.484287639e+01
-1.487377312e+01
-1.491141133e+01
-1.495237808e+01
-1.499416311e+01
-1.503519102e+01
-1.507467820e+01
-1.511239006e+01
-1.514838546e+01
-1.534226810e+01
-1.531855372e+01
-1.527321012e+01
-1.521054491e+01
-1.513840195e+01
-1.506651737e+01
-1.500460432e+01
-1.496061605e+01
-1.493953832e+01
-1.494288663e+01
-1.496889458e+01
-1.501323304e+01
-1.507002390e+01
-1.513290783e+01
-1.519597018e+01
-1.525439832e+01
-1.530481643e+01
-1.534530955e+01
-1.537520369e+01
-1.539470780e+01
-1.540454068e+01
-1.524290547e+01
-1.521239019e+01
-1.517028847e+01
-1.512119514e+01
-1.507270872e+01
-1.503381584e+01
-1.501302138e+01
-1.501666525e+01
-1.504777537e+01
-1.510563785e+01
-1.518607861e+01
-1.528230039e+01
-1.538603464e+01
-1.548875338e+01
-1.558272501e+01
-1.566176686e+01
-1.572162721e+01
-1.576000606e+01
-1.577629041e+01
-1.577112683e+01
-1.574597466e+01
-1.505100784e+01
-1.500320586e+01
-1.495438589e+01
-1.490909503e+01
-1.487416426e+01
-1.485725119e+01
-1.486516868e+01
-1.490239636e+01
-1.497009259e+01
-1.506577285e+01
-1.518365152e+01
-1.531550411e+01
-1.545182587e+01
-1.558304443e+01
-1.570057705e+01
-1.579758657e+01
-1.586936736e+01
-1.591336878e+01
-1.592893076e+01
-1.591685395e+01
-1.587894648e+01
-1.500989938e+01
-1.495933582e+01
-1.491174235e+01
-1.487099670e+01
-1.484267490e+01
-1.483286553e+01
-1.484681576e+01
-1.488773218e+01
-1.495599515e+01
-1.504892241e+01
-1.516107954e+01
-1.528502007e+01
-1.541227015e+01
-1.553435655e+01
-1.564370301e+01
-1.573427213e+01
-1.580189435e+01
-1.584429009e+01
-1.586084761e+01
-1.585225982e+01
-1.582013977e+01
